2 0.3848531684698609 0.308091286307054 0.34234930448222567 0.30809128630705396 0.34234930448222567 0.40663900414937765 0.3848531684698609 0.4066390041493777
1 0.38794435857805265 0.5145228215767635 0.34466769706336947 0.5145228215767634 0.34466769706336947 0.6151452282157677 0.38794435857805265 0.6151452282157677
0 0.43894899536321486 0.2593360995850623 0.3964451313755796 0.2593360995850623 0.3964451313755796 0.33298755186722 0.43894899536321486 0.33298755186722
0 0.4412673879443586 0.3423236514522823 0.39180834621329214 0.3423236514522823 0.39180834621329214 0.42219917012448144 0.4412673879443586 0.42219917012448144
0 0.5819165378670789 0.25311203319502085 0.5340030911901081 0.2531120331950208 0.5340030911901081 0.3340248962655603 0.5819165378670789 0.3340248962655603
0 0.5865533230293664 0.34439834024896276 0.5340030911901081 0.34439834024896276 0.5340030911901081 0.42012448132780095 0.5865533230293664 0.42012448132780095
3 0.7078825347758887 0.2873443983402491 0.6321483771251932 0.2873443983402491 0.6321483771251932 0.34128630705394203 0.7078825347758887 0.34128630705394203
2 0.7032457496136012 0.37448132780083 0.6329211746522411 0.37448132780083 0.6329211746522411 0.4253112033195022 0.7032457496136012 0.4253112033195022
2 0.7047913446676971 0.4678423236514524 0.6298299845440495 0.4678423236514524 0.6298299845440495 0.5197095435684649 0.7047913446676971 0.5197095435684649
3 0.7078825347758887 0.5622406639004149 0.6360123647604328 0.5622406639004149 0.6360123647604328 0.6141078838174274 0.7078825347758887 0.6141078838174274
3 0.8408037094281299 0.36721991701244827 0.7743431221020093 0.36721991701244827 0.7743431221020093 0.5404564315352699 0.8408037094281299 0.5404564315352699